1966   1   1    527.06549    
1967   1   1    788.63599     
1968   1   1    331.19113    
1969   1   1    358.52026     
1970   1   1    995.14215   
1971   1   1    969.12512  
1972   1   1    107.61064   
1973   1   1    572.54303    
1974   1   1    121.19901      
1975   1   1   1357.92517    
1976   1   1    592.24359    
1977   1   1    747.27490    
1978   1   1    855.60266    
1979   1   1    808.84113   
1980   1   1    715.03790     
1981   1   1    901.06299    
1982   1   1    617.41321    
1983   1   1    858.12207    
1984   1   1    548.81110    
1985   1   1     72.93383     
1986   1   1    251.36917    
1987   1   1      3.68886    
1988   1   1   1806.94910   
1989   1   1    279.00299  
